0000
0000
0000
0000
0000
0000
1000
0100
0010
0001
0000
1001
0110
1000
1001
1000
0100
0010
0001
0000
1001
0100
1000
1001
1000
0100
0010
0001
0000
1001
0110
1000
1001
1000
0100
0010
0001
0000
1001
0110
0100
1001
1000
0100
0010
0001
0000
1001
0110
0100
1001
1000
0100
0010
0001
0000
1001
0110
0100
1001
1000
0100
0010
0001
0000
1001
0110
0100
1001
1000
0100
0010
0001
0000
1001
0110
0100
1001
1000
0100
0010
0001
0000
1001
0110
0100
1001
1000
0100
0001
0010
0100
1000
0010
0001
0000
1001
0110
0100
1001
1000
0100
0010
0001
0000
1001
0110
0100
1001
1000
0100
0010
0001
0000
1001
0110
0100
1001
1000
0100
0010
0001
0000
1001
0110
0100
1001
1000
0100
0010
0001
0000
1001
0110
1000
1001
1000
0100
0010
0001
0000
1001
0110
0100
1001
1000
0100
0010
0001
0000
1001
0110
0100
1001
0001
0000
1001
0110
0100
1001
1000
0100
0010
0001
0000
1001
0110
0100
1001
1000
0100
0010
0001
0000
0000
1001
0110
0100
1001
1000
0100